40,5
37,1
37,3
43,52
43,51
43,50
43,49
43,48
43,47
43,46
43,45
43,44
43,43
43,42
43,41
43,40
43,39
43,38
43,37
43,36
38,1
38,3
40,1
40,3
43,35
41,4
32,1
32,3
39,1
39,3
41,1
41,3
0,273
0,270
3,2
3,1
3,3
10,170
10,32
10,142
10,192
10,194
10,164
10,104
11,12
11,17
9,7
9,4
9,6
8,17
8,6
8,11
8,9
8,16
20,3
20,2
20,1
19,3
19,2
19,1
12,3
12,2
12,1
11,28
11,27
11,26
11,25
11,24
11,23
11,22
11,21
11,20
11,19
11,18
11,14
11,11
11,5
11,3
11,2
11,1
10,303
10,302
10,301
10,300
10,299
10,298
10,297
10,296
10,295
10,294
10,293
10,292
10,291
10,290
10,289
10,288
10,287
10,286
10,285
10,284
10,283
10,282
10,281
10,280
10,279
10,278
10,277
10,276
10,275
10,274
10,273
10,272
10,271
10,270
